type	latitude	longitude	altitude (m)	name
T	39.129000000	-123.716000000	41.2	1k
T	38.846000000	-94.736000000	321.3	
T	30.176000000	-92.008000000	10.8	
T	39.259000000	-84.774000000	176.9	
T	33.146000000	-117.334000000	1.4	
T	33.684000000	-112.110000000	428.5	
T	38.836000000	-95.182000000	269.9	
T	39.879000000	-111.857000000	1488.5	
T	34.646000000	-89.305000000	106.0	
T	27.646000000	-80.428000000	6.0	
T	36.380000000	-88.990000000	94.5	
T	29.551000000	-98.500000000	256.3	
T	32.767000000	-82.810000000	120.4	
T	43.766000000	-99.337000000	518.6	
T	41.916000000	-72.777000000	56.3	
T	27.261000000	-80.848000000	8.8	
T	41.968000000	-114.646000000	1576.3	
T	32.490000000	-95.482000000	192.8	
T	29.900000000	-97.852000000	179.3	
T	39.852000000	-76.486000000	217.2	
T	37.696000000	-121.820000000	116.6	
T	40.479000000	-111.434000000	1704.8	
T	32.476000000	-111.338000000	575.0	
T	31.684000000	-83.271000000	105.1	
T	39.038000000	-91.726000000	256.4	
T	29.941000000	-81.318000000	0.1	
T	59.112000000	-161.581000000	0.0	
T	39.909000000	-105.117000000	1714.0	
T	32.354000000	-95.403000000	162.9	
T	34.110000000	-117.670000000	423.6	
T	39.909000000	-105.117000000	1714.0	
T	41.621000000	-70.938000000	20.5	
T	35.034000000	-82.299000000	303.3	
T	25.797000000	-80.341000000	1.0	
T	33.884000000	-81.382000000	170.6	
T	32.026000000	-102.405000000	907.0	
T	27.176000000	-80.212000000	2.7	
T	37.103000000	-88.817000000	117.0	
T	29.142000000	-82.194000000	22.4	
T	33.857000000	-84.291000000	274.7	
T	40.590000000	-74.311000000	25.3	
T	30.569000000	-88.377000000	23.1	
T	45.117000000	-92.996000000	285.6	
T	42.778000000	-112.895000000	1341.9	
T	25.913000000	-80.282000000	1.2	
T	43.384000000	-94.320000000	360.6	
T	32.735000000	-101.743000000	895.2	
T	41.335000000	-70.299000000	2.2	
T	36.393000000	-105.287000000	2567.1	
T	28.103000000	-80.645000000	7.2	
T	35.854000000	-78.758000000	127.2	
T	35.551000000	-84.374000000	280.1	
T	37.896000000	-121.259000000	5.9	
T	29.451000000	-95.302000000	15.2	
T	44.422000000	-87.936000000	246.6	
T	40.335000000	-119.908000000	1334.3	
T	38.228000000	-85.665000000	165.3	
T	38.943000000	-104.570000000	2076.3	
T	31.477000000	-82.861000000	77.5	
T	35.272000000	-79.254000000	78.4	
T	37.692000000	-97.544000000	431.9	
T	61.450000000	-148.683000000	35.2	
T	44.674000000	-111.424000000	1983.1	
T	35.202000000	-81.150000000	242.1	
T	42.117000000	-76.918000000	268.6	
T	39.499000000	-118.749000000	1206.5	
T	56.939000000	-154.182000000	15.7	
T	32.899000000	-80.041000000	11.9	
T	32.447000000	-98.683000000	444.2	
T	42.750000000	-116.675000000	1605.0	
T	25.999000000	-80.468000000	3.1	
T	29.937000000	-92.320000000	1.3	
T	40.176000000	-76.727000000	84.2	
T	35.615000000	-79.882000000	222.1	
T	42.780000000	-84.606000000	257.1	
T	41.932000000	-72.692000000	47.6	
T	33.930000000	-78.736000000	10.4	
T	41.146000000	-80.168000000	404.9	
T	29.024000000	-81.344000000	14.7	
T	39.095000000	-122.098000000	26.1	
T	33.461000000	-111.728000000	420.1	
T	31.479000000	-92.461000000	61.0	
T	33.498000000	-88.419000000	54.8	
T	35.906000000	-105.559000000	3276.3	
T	42.815000000	-108.729000000	1701.2	
T	29.959000000	-81.340000000	1.6	
T	40.786000000	-99.778000000	732.7	
T	60.979000000	-151.892000000	23.0	
T	34.601000000	-78.579000000	39.0	
T	29.959000000	-81.340000000	1.6	
T	40.529000000	-74.590000000	8.5	
T	28.000000000	-82.163000000	45.6	
T	40.039000000	-105.226000000	1611.6	
T	61.769000000	-151.584000000	560.9	
T	37.565000000	-97.175000000	409.3	
T	35.788000000	-94.355000000	401.2	
T	61.314000000	-151.224000000	268.8	
T	41.143000000	-85.153000000	253.6	
T	34.849000000	-111.788000000	1466.4	
T	42.697000000	-71.549000000	53.7	
T	39.781000000	-119.471000000	2453.9	
T	33.803000000	-118.340000000	29.1	
T	33.208000000	-97.198000000	194.5	
T	26.150000000	-81.779000000	1.3	
T	39.084000000	-76.762000000	36.9	
T	36.267000000	-95.784000000	213.3	
T	39.668000000	-119.876000000	1532.7	
T	64.528000000	-150.423000000	148.5	
T	63.951000000	-144.672000000	342.8	
T	36.226000000	-90.037000000	79.0	
T	36.666000000	-76.321000000	4.4	
T	28.867000000	-89.302000000		
T	33.270000000	-111.814000000	376.2	
T	30.075000000	-93.695000000	0.3	
T	32.404000000	-111.220000000	616.2	
T	40.924000000	-85.017000000	242.0	
T	33.728000000	-117.031000000	458.4	
T	35.201000000	-90.054000000	68.4	
T	33.688000000	-112.082000000	445.7	
T	18.338000000	-64.967000000	7.7	
T	38.945000000	-76.773000000	49.3	
T	25.998000000	-80.241000000	1.9	
T	37.669000000	-98.124000000	487.0	
T	38.806000000	-104.701000000	1864.3	
T	32.991000000	-111.917000000	395.0	
T	30.358000000	-85.796000000	19.6	
T	29.845000000	-82.048000000	56.6	
T	24.732000000	-81.070000000	0.0	
T	35.971000000	-115.134000000	745.9	
T	34.400000000	-100.887000000	732.6	
T	59.935000000	-165.577000000	0.0	
T	39.039000000	-122.908000000	405.9	
T	32.220000000	-91.870000000	17.9	
T	42.743000000	-94.647000000	372.9	
T	32.464000000	-96.921000000	207.9	
T	61.416000000	-149.508000000	22.5	
T	41.015000000	-111.581000000	1983.3	
T	33.863000000	-87.845000000	127.5	
T	38.369000000	-81.602000000	286.4	
T	39.268000000	-108.864000000	1441.1	
T	60.969000000	-149.119000000	60.8	
T	46.319000000	-87.282000000	323.8	
T	37.512000000	-122.249000000	1.0	
T	45.865000000	-84.637000000	224.5	
T	34.539000000	-87.531000000	180.3	
T	36.198000000	-95.888000000	193.0	
T	29.908000000	-96.950000000	96.6	
T	42.933000000	-71.436000000	69.0	
T	61.229000000	-151.769000000	711.5	
T	30.369000000	-87.688000000	16.7	
T	34.092000000	-118.031000000	88.4	
T	35.583000000	-89.587000000	83.7	
T	30.404000000	-95.437000000	82.5	
T	34.655000000	-112.419000000	1520.1	
T	47.276000000	-114.124000000	1110.7	
T	33.351000000	-98.819000000	385.0	
T	62.321000000	-150.093000000	109.3	
T	44.182000000	-122.078000000	520.7	
T	60.942000000	-151.961000000	17.0	
T	34.423000000	-119.837000000	3.3	
T	34.730000000	-112.035000000	1079.4	
T	40.405000000	-86.243000000	264.9	
T	35.534000000	-97.647000000	390.1	
T	40.719000000	-114.031000000	1287.4	
T	31.404000000	-97.214000000	197.7	
T	33.734000000	-117.021000000	460.6	
T	61.493000000	-151.906000000	302.7	
T	37.689000000	-121.819000000	118.9	
T	27.979000000	-82.528000000	6.0	
T	47.209000000	-93.510000000	399.3	
T	42.625000000	-83.973000000	284.6	
T	47.619000000	-117.535000000	719.6	
T	36.179000000	-106.961000000	2266.1	
T	37.860000000	-76.885000000	34.3	
T	64.280000000	-148.110000000	245.8	
T	39.691000000	-75.638000000	1.2	
T	29.817000000	-89.276000000	0.0	
T	41.700000000	-73.729000000	211.2	
T	44.708000000	-100.062000000	571.9	
T	30.026000000	-90.030000000	1.7	
T	36.367000000	-82.182000000	469.4	
T	26.381000000	-98.817000000	56.6	
T	37.894000000	-121.239000000	8.1	
T	36.274000000	-81.578000000	1006.5	
T	30.970000000	-87.206000000	12.5	
T	35.098000000	-97.969000000	347.2	
T	61.179000000	-149.958000000	22.4	
T	39.930000000	-84.023000000	267.4	
T	41.378000000	-79.861000000	467.7	
T	47.049000000	-91.745000000	323.6	
T	41.786000000	-87.752000000	185.0	
T	35.292000000	-98.970000000	472.6	
T	25.998000000	-80.238000000	2.0	
T	40.172000000	-75.080000000	68.8	
T	42.848000000	-92.117000000	331.5	
T	38.290000000	-104.498000000	1426.8	
T	48.436000000	-105.761000000	867.9	
T	25.648000000	-80.433000000	1.5	
T	37.724000000	-122.212000000	2.3	
T	38.311000000	-75.124000000	1.2	
T	38.815000000	-78.771000000	383.2	
T	40.938000000	-97.502000000	498.6	
T	61.037000000	-149.045000000	1667.7	
T	38.141000000	-122.556000000	0.1	
T	38.721000000	-77.515000000	52.7	
T	60.589000000	-152.158000000	8.0	
T	46.701000000	-92.504000000	389.1	
T	38.944000000	-104.570000000	2076.1	
T	38.724000000	-120.753000000	783.5	
T	35.032000000	-85.205000000	206.6	
T	30.515000000	-87.872000000	34.0	
T	40.448000000	-109.507000000	1600.3	
T	43.955000000	-88.664000000	269.4	
T	63.329000000	-142.952000000	501.0	
T	36.059000000	-85.528000000	314.8	
T	29.251000000	-107.404000000	1837.1	
T	41.783000000	-87.745000000	185.3	
T	31.807000000	-106.376000000	1201.1	
T	43.772000000	-84.946000000	278.2	
T	47.559000000	-121.864000000	39.2	
T	36.981000000	-77.003000000	32.0	
T	43.557000000	-90.889000000	386.4	
T	40.167000000	-97.715000000	489.1	
T	32.136000000	-84.194000000	141.0	
T	42.850000000	-103.085000000	988.1	
T	43.991000000	-88.560000000	237.6	
T	62.478000000	-153.520000000	346.7	
T	33.999000000	-96.642000000	216.6	
T	43.561000000	-116.218000000	868.7	
T	48.052000000	-122.801000000	32.5	
T	43.484000000	-84.484000000	210.2	
T	36.228000000	-121.121000000	114.1	
T	61.688000000	-151.401000000	220.0	
T	36.832000000	-114.057000000	582.6	
T	45.619000000	-121.168000000	69.5	
T	45.354000000	-117.633000000	1092.4	
T	33.688000000	-112.082000000	445.7	
T	39.579000000	-104.851000000	1771.0	
T	28.777000000	-81.235000000	13.5	
T	41.627000000	-73.884000000	47.2	
T	35.947000000	-112.153000000	1995.0	
T	44.968000000	-114.733000000	1116.0	
T	38.339000000	-75.062000000	0.0	
T	45.518000000	-102.468000000	846.0	
T	44.537000000	-115.351000000	1758.1	
T	29.901000000	-81.312000000	1.1	
T	29.693000000	-81.507000000	3.4	
T	41.294000000	-86.622000000	217.2	
T	45.310000000	-92.690000000	271.6	
T	39.905000000	-105.114000000	1708.7	
T	35.599000000	-92.457000000	152.8	
T	28.546000000	-81.332000000	32.6	
T	46.251000000	-114.126000000	1104.2	
T	38.401000000	-93.332000000	287.2	
T	62.319000000	-150.113000000	105.4	
T	42.135000000	-87.892000000	198.1	
T	55.299000000	-131.632000000	54.5	
T	29.658000000	-81.689000000	9.7	
T	15.124000000	145.731000000	62.1	
T	41.393000000	-70.614000000	18.1	
T	37.187000000	-77.503000000	57.9	
T	41.319000000	-81.961000000	246.4	
T	61.617000000	-149.322000000	136.9	
T	41.101000000	-102.985000000	1307.5	
T	27.267000000	-80.850000000	9.1	
T	33.641000000	-95.454000000	163.6	
T	59.444000000	-151.705000000	13.6	
T	43.548000000	-83.895000000	177.6	
T	34.388000000	-89.531000000	116.4	
T	62.630000000	-149.830000000	922.0	
T	25.005000000	-80.532000000	1.4	
T	19.911000000	-155.812000000	239.7	
T	44.439000000	-69.267000000	137.2	
T	44.209000000	-114.934000000	1948.1	
T	35.857000000	-83.524000000	300.7	
T	35.334000000	-94.266000000	120.0	
T	35.919000000	-75.696000000	3.4	
T	46.567000000	-120.537000000	322.1	
T	32.966000000	-96.833000000	195.7	
T	41.330000000	-82.108000000	229.8	
T	34.939000000	-82.227000000	309.7	
T	30.388000000	-96.088000000	65.7	
T	31.183000000	-81.261000000	0.0	
T	42.564000000	-75.524000000	305.2	
T	34.813000000	-82.700000000	303.8	
T	28.138000000	-82.147000000	23.7	
T	40.858000000	-80.195000000	372.3	
T	61.482000000	-149.744000000	72.9	
T	33.688000000	-112.082000000	445.7	
T	28.000000000	-81.000000000	14.7	
T	41.196000000	-96.112000000	317.2	
T	39.888000000	-95.517000000	340.5	
T	38.203000000	-94.738000000	303.8	
T	34.955000000	-78.918000000	34.8	
T	40.850000000	-77.848000000	371.7	
T	40.875000000	-74.281000000	52.2	
T	32.841000000	-93.835000000	58.7	
T	30.638000000	-86.994000000	24.7	
T	29.471000000	-103.936000000	1290.6	
T	40.438000000	-104.633000000	1420.0	
T	26.735000000	-81.051000000	5.8	
T	37.816000000	-85.965000000	208.5	
T	43.864000000	-121.455000000	1267.5	
T	30.358000000	-85.796000000	19.6	
T	36.041000000	-95.983000000	189.2	
T	39.988000000	-81.181000000	382.9	
T	21.581000000	-158.188000000	1.0	
T	41.330000000	-72.045000000	2.8	
T	39.006000000	-119.157000000	1333.6	
T	33.901000000	-87.304000000	141.1	
T	42.717000000	-82.611000000	186.8	
T	33.870000000	-117.991000000	24.8	
T	36.893000000	-121.410000000	67.7	
T	40.846000000	-84.158000000	238.8	
T	35.964000000	-83.874000000	253.7	
T	61.996000000	-159.367000000	16.0	
T	37.043000000	-100.921000000	864.1	
T	40.583000000	-74.737000000	55.9	
T	42.084000000	-76.094000000	251.6	
T	34.113000000	-117.681000000	437.0	
T	37.634000000	-85.242000000	259.3	
T	61.243000000	-150.415000000	4.9	
T	38.013000000	-75.819000000	1.3	
T	30.782000000	-95.488000000	69.4	
T	26.148000000	-97.590000000	7.9	
T	32.698000000	-95.214000000	124.9	
T	44.867000000	-123.198000000	54.0	
T	28.620000000	-81.349000000	19.8	
T	33.070000000	-96.065000000	162.5	
T	65.337000000	-146.726000000	630.9	
T	33.068000000	-96.065000000	162.8	
T	33.068000000	-96.065000000	162.8	
T	60.320000000	-150.597000000	260.9	
T	38.350000000	-94.340000000	263.0	
T	38.044000000	-121.839000000	0.0	
T	34.982000000	-106.013000000	1889.1	
T	33.989000000	-117.410000000	230.7	
T	40.273000000	-74.808000000	52.8	
T	37.566000000	-97.174000000	409.1	
T	28.294000000	-81.440000000	24.2	
T	35.617000000	-106.089000000	1922.4	
T	43.998000000	-69.884000000	12.6	
T	39.446000000	-87.317000000	173.1	
T	39.104000000	-101.007000000	967.8	
T	46.661000000	-68.389000000	176.9	
T	38.525000000	-121.704000000	13.0	
T	40.412000000	-86.937000000	181.3	
T	39.608000000	-77.008000000	238.9	
T	34.021000000	-100.328000000	586.5	
T	59.040000000	-158.458000000	29.9	
T	47.493000000	-122.216000000	7.1	
T	30.543000000	-87.565000000	39.7	
T	38.526000000	-77.860000000	91.6	
T	34.849000000	-111.788000000	1466.4	
T	39.570000000	-104.849000000	1778.7	
T	36.291000000	-92.590000000	207.7	
T	40.482000000	-111.428000000	1710.7	
T	40.960000000	-80.680000000	308.3	
T	40.614000000	-84.000000000	319.5	
T	38.149000000	-89.699000000	160.9	
T	38.193000000	-90.386000000	131.2	
T	64.360000000	-147.360000000	254.4	
T	32.390000000	-97.434000000	262.4	
T	38.926000000	-74.943000000	0.0	
T	32.224000000	-80.698000000	4.9	
T	37.038000000	-121.118000000	166.7	
T	41.375000000	-81.193000000	350.6	
T	38.942000000	-76.772000000	47.6	
T	33.044000000	-84.432000000	232.9	
T	27.163000000	-80.286000000	5.2	
T	40.088000000	-123.808000000	139.1	
T	37.778000000	-89.252000000	124.5	
T	42.343000000	-88.897000000	290.5	
T	41.446000000	-72.458000000	2.4	
T	63.002000000	-156.367000000	312.8	
T	31.232000000	-81.355000000	5.0	
T	46.097000000	-97.919000000	431.9	
T	38.174000000	-111.249000000	2326.0	
T	45.921000000	-116.218000000	996.8	
T	31.418000000	-110.848000000	1186.4	
T	38.398000000	-77.456000000	57.5	
T	34.020000000	-106.902000000	1458.1	
T	38.010000000	-77.967000000	147.7	
T	39.851000000	-85.884000000	260.7	
T	28.846000000	-98.878000000	151.9	
T	43.423000000	-116.712000000	683.5	
T	33.618000000	-80.694000000	65.6	
T	33.358000000	-84.572000000	232.9	
T	41.803000000	-78.640000000	645.1	
T	34.598000000	-91.575000000	66.8	
T	28.630000000	-81.389000000	28.6	
T	29.183000000	-95.994000000	24.1	
T	29.479000000	-95.327000000	15.1	
T	38.515000000	-89.091000000	158.7	
T	40.465000000	-105.086000000	1566.1	
T	42.539000000	-122.904000000	432.8	
T	42.725000000	-114.447000000	1235.3	
T	38.085000000	-103.201000000	1185.4	
T	45.784000000	-111.161000000	1353.8	
T	33.178000000	-91.880000000	54.8	
T	60.525000000	-150.996000000	58.7	
T	62.961000000	-141.928000000	523.6	
T	39.942000000	-74.849000000	12.1	
T	39.019000000	-108.768000000	2073.9	
T	26.202000000	-81.707000000	3.2	
T	29.516000000	-96.398000000	46.3	
T	35.213000000	-80.668000000	239.5	
T	37.132000000	-76.493000000	11.1	
T	46.423000000	-92.806000000	317.3	
T	33.627000000	-90.374000000	37.3	
T	42.910000000	-77.330000000	244.1	
T	38.955000000	-121.082000000	457.9	
T	30.433000000	-87.702000000	16.6	
T	39.189000000	-121.709000000	18.5	
T	40.487000000	-85.684000000	259.7	
T	35.794000000	-115.627000000	786.6	
T	40.109000000	-85.613000000	273.5	
T	41.454000000	-87.007000000	231.4	
T	38.967000000	-117.183000000	1675.0	
T	61.129000000	-142.415000000	395.2	
T	46.491000000	-116.277000000	342.1	
T	32.771000000	-98.043000000	238.5	
T	40.360000000	-121.511000000	1468.2	
T	40.764000000	-78.211000000	655.5	
T	35.073000000	-77.043000000	4.8	
T	35.927000000	-119.272000000	84.8	
T	38.909000000	-121.351000000	36.0	
T	34.363000000	-99.901000000	485.6	
T	40.278000000	-110.051000000	1567.9	
T	32.960000000	-112.674000000	237.7	
T	34.655000000	-112.419000000	1520.1	
T	41.149000000	-111.767000000	1519.6	
T	24.651000000	-82.867000000	0.0	
T	33.929000000	-117.575000000	189.7	
T	34.491000000	-77.531000000	10.5	
T	30.038000000	-99.186000000	575.8	
T	44.190000000	-120.821000000	1101.0	
T	30.678000000	-98.418000000	261.1	
T	33.620000000	-111.915000000	444.4	
T	33.984000000	-87.059000000	204.8	
T	43.526000000	-89.983000000	274.4	
T	45.548000000	-94.070000000	310.8	
T	33.871000000	-117.981000000	27.2	
T	30.722000000	-91.648000000	8.4	
T	38.066000000	-97.861000000	462.5	
T	43.763000000	-70.672000000	87.7	
T	44.808000000	-68.829000000	52.2	
T	40.677000000	-73.714000000	9.1	
T	33.975000000	-117.636000000	191.4	
T	40.225000000	-83.350000000	305.1	
T	33.872000000	-117.980000000	27.7	
T	43.329000000	-76.414000000	96.5	
T	41.527000000	-72.831000000	29.6	
T	45.589000000	-122.597000000	8.4	
T	26.292000000	-97.765000000	11.9	
T	37.017000000	-110.201000000	1562.1	
T	27.988000000	-82.019000000	39.5	
T	34.672000000	-82.884000000	271.2	
T	38.728000000	-120.745000000	764.3	
T	32.609000000	-82.370000000	97.5	
T	26.587000000	-81.863000000	4.0	
T	29.301000000	-81.114000000	7.8	
T	33.878000000	-88.488000000	67.3	
T	45.820000000	-119.281000000	190.2	
T	30.062000000	-95.553000000	45.7	
T	41.401000000	-92.946000000	267.4	
T	38.068000000	-97.275000000	465.8	
T	40.088000000	-75.006000000	34.4	
T	27.976000000	-82.533000000	7.5	
T	35.980000000	-94.070000000	378.2	
T	26.071000000	-80.142000000	2.4	
T	36.492000000	-79.312000000	157.5	
T	43.577000000	-85.284000000	291.5	
T	40.452000000	-105.011000000	1522.7	
T	25.999000000	-80.240000000	1.9	
T	25.999000000	-80.240000000	1.9	
T	32.128000000	-81.198000000	13.9	
T	44.497000000	-123.289000000	74.6	
T	33.938000000	-117.486000000	238.3	
T	62.333000000	-150.079000000	110.7	
T	39.464000000	-92.432000000	263.6	
T	44.670000000	-121.155000000	739.5	
T	46.567000000	-120.537000000	322.1	
T	32.816000000	-117.140000000	128.2	
T	28.777000000	-81.235000000	13.5	
T	30.351000000	-97.994000000	281.1	
T	33.889000000	-118.241000000	27.6	
T	33.889000000	-118.241000000	27.6	
T	27.000000000	-82.000000000	2.5	
T	38.780000000	-76.088000000	3.3	
T	35.270000000	-82.644000000	640.2	
T	40.176000000	-103.222000000	1420.5	
T	40.273000000	-79.408000000	349.3	
T	39.179000000	-84.380000000	262.6	
T	41.226000000	-92.494000000	254.9	
T	43.779000000	-116.939000000	677.8	
T	37.774000000	-97.113000000	410.5	
T	33.271000000	-111.807000000	378.0	
T	46.736000000	-117.088000000	788.0	1k
T	33.873000000	-84.301000000	302.2	
T	39.000000000	-74.000000000		
T	32.461000000	-94.539000000	103.3	
T	26.790000000	-80.693000000	4.2	
T	46.459000000	-97.185000000	324.8	
T	46.695000000	-92.095000000	202.2	
T	30.589000000	-98.370000000	258.0	
T	27.715000000	-80.527000000	6.3	
T	33.626000000	-111.906000000	452.6	
T	61.798000000	-149.503000000	1268.9	
T	43.427000000	-116.621000000	818.7	
T	36.002000000	-78.355000000	86.0	
T	26.166000000	-80.101000000	2.5	
T	32.549000000	-93.761000000	45.3	
T	38.228000000	-85.664000000	166.1	
T	32.491000000	-80.994000000	15.5	
T	40.399000000	-74.659000000	38.5	
T	45.535000000	-98.613000000	414.4	
T	42.004000000	-71.200000000	37.0	
T	28.056000000	-81.753000000	43.5	
T	32.494000000	-80.991000000	23.1	
T	39.427000000	-101.053000000	967.0	
T	40.798000000	-74.416000000	55.5	
T	45.771000000	-122.862000000	14.7	
T	37.693000000	-121.820000000	116.8	
T	38.183000000	-84.900000000	239.1	
T	39.564000000	-104.844000000	1781.1	
T	41.528000000	-85.757000000	265.9	
T	36.040000000	-95.982000000	189.1	
T	39.334000000	-114.781000000	2102.4	
T	28.779000000	-81.236000000	13.6	
T	41.019000000	-89.386000000	167.6	
T	34.013000000	-84.593000000	305.2	
T	33.485000000	-101.662000000	951.8	
T	39.751000000	-84.852000000	347.0	
T	45.928000000	-89.731000000	495.2	
T	38.398000000	-77.807000000	91.7	
T	37.872000000	-121.924000000	866.9	
T	27.664000000	-80.425000000	5.7	
T	45.241000000	-122.769000000	59.5	
T	37.708000000	-77.436000000	61.9	
T	33.872000000	-117.787000000	129.2	
T	37.405000000	-112.909000000	2134.8	
T	26.691000000	-79.721000000	0.0	
T	39.001000000	-119.751000000	1435.4	
T	32.635000000	-96.970000000	173.8	
T	32.635000000	-96.970000000	173.8	
T	33.211000000	-117.369000000	54.2	
T	62.786000000	-154.754000000	128.1	
T	46.446000000	-120.364000000	250.6	
T	61.216000000	-149.840000000	41.0	
T	32.756000000	-97.298000000	152.3	
T	30.424000000	-97.569000000	185.0	
T	37.239000000	-76.716000000	11.4	
T	34.259000000	-118.413000000	300.2	
T	38.054000000	-84.574000000	285.1	
T	45.377000000	-121.693000000	2922.7	
T	45.549000000	-122.401000000	9.4	
T	40.761000000	-81.779000000	342.3	
T	29.707000000	-91.296000000	1.4	
T	33.801000000	-118.342000000	35.9	
T	33.975000000	-117.635000000	191.9	
T	25.648000000	-80.433000000	1.5	
T	45.830000000	-87.980000000	326.9	
T	46.947000000	-120.513000000	441.7	
T	30.261000000	-98.907000000	532.1	
T	46.308000000	-111.538000000	1171.4	
T	40.619000000	-111.993000000	1404.0	
T	48.042000000	-122.775000000	35.6	
T	41.868000000	-84.077000000	242.2	
T	43.619000000	-97.381000000	436.6	
T	28.670000000	-96.681000000	7.8	
T	39.153000000	-122.020000000	12.6	
T	42.969000000	-83.755000000	233.0	
T	32.954000000	-111.766000000	442.7	
T	40.164000000	-105.164000000	1536.9	
T	35.095000000	-106.164000000	1995.5	
T	34.653000000	-112.420000000	1523.7	
T	41.000000000	-75.000000000	265.1	
T	46.289000000	-111.519000000	1171.1	
T	45.228000000	-96.004000000	310.9	
T	32.816000000	-117.139000000	128.8	
T	40.876000000	-74.278000000	53.6	
T	28.703000000	-81.587000000	24.3	
T	45.696000000	-85.568000000	203.2	
T	44.094000000	-121.200000000	1042.6	
T	30.533000000	-98.324000000	286.9	
T	29.623000000	-95.657000000	23.7	
T	43.502000000	-96.701000000	458.3	
T	25.909000000	-80.121000000	0.3	
T	38.131000000	-108.292000000	2136.0	
T	33.675000000	-117.869000000	15.9	
T	27.987000000	-82.024000000	38.8	
T	61.538000000	-149.850000000	45.4	
T	32.521000000	-94.308000000	106.1	
T	32.260000000	-99.566000000	613.2	
T	31.835000000	-94.157000000	97.5	
T	33.791000000	-84.495000000	257.6	
T	34.849000000	-111.788000000	1466.4	
T	33.886000000	-82.278000000	144.9	
T	34.852000000	-84.016000000	592.6	
T	42.920000000	-112.895000000	1372.1	
T	26.451000000	-80.538000000	2.7	
T	45.584000000	-115.682000000	2323.0	
T	41.371000000	-83.942000000	205.6	
T	34.970000000	-106.000000000	1882.5	
T	37.659000000	-96.528000000	490.8	
T	26.925000000	-82.001000000	2.5	
T	41.452000000	-87.004000000	231.7	
T	33.975000000	-117.636000000	191.4	
T	43.330000000	-88.326000000	310.6	
T	41.383000000	-72.505000000	125.4	
T	37.064000000	-120.870000000	36.4	
T	34.499000000	-83.557000000	430.2	
T	41.327000000	-75.591000000	499.4	
T	35.018000000	-80.622000000	204.1	
T	39.659000000	-119.866000000	1527.9	
T	26.205000000	-80.157000000	2.4	
T	37.271000000	-79.336000000	244.5	
T	29.764000000	-85.022000000	0.7	
T	46.921000000	-96.816000000	273.6	
T	48.469000000	-122.421000000	31.1	
T	34.039000000	-84.586000000	313.4	
T	40.481000000	-85.682000000	261.2	
T	34.452000000	-84.458000000	457.0	
T	27.765000000	-82.627000000	1.8	
T	34.985000000	-81.058000000	199.1	
T	33.308000000	-111.656000000	415.9	
T	33.308000000	-111.656000000	415.9	
T	32.955000000	-111.767000000	442.6	
T	59.879000000	-147.748000000	7.3	
T	35.617000000	-106.089000000	1922.4	
T	36.030000000	-119.063000000	133.5	
T	34.848000000	-82.350000000	309.2	
T	31.999000000	-110.356000000	1162.2	
T	25.795000000	-80.290000000	2.3	
T	33.812000000	-78.724000000	9.3	
T	41.189000000	-112.015000000	1357.6	
T	45.205000000	-91.692000000	316.0	
T	-33.806000000	-70.466000000	2024.3	
T	38.941000000	-104.569000000	2073.8	
T	25.648000000	-80.433000000	1.5	
T	25.648000000	-80.433000000	1.5	
T	33.898000000	-117.600000000	161.7	
T	31.900000000	-94.080000000	69.8	
T	38.996000000	-79.146000000	289.7	
T	32.980000000	-84.100000000	218.1	
T	28.421000000	-81.691000000	32.0	
T	30.528000000	-86.439000000	21.8	
T	35.214000000	-80.947000000	216.4	
T	35.102000000	-83.385000000	625.3	
T	40.527000000	-122.284000000	146.6	
T	28.806000000	-82.318000000	15.1	
T	43.453000000	-74.515000000	518.4	
T	33.644000000	-78.919000000	0.0	
T	30.151000000	-82.665000000	35.6	
T	39.008000000	-74.914000000	4.2	
T	47.713000000	-117.920000000	832.5	
T	34.135000000	-117.663000000	522.3	
T	28.753000000	-82.647000000	0.0	
T	33.269000000	-111.811000000	377.0	
T	33.269000000	-111.811000000	377.0	
T	34.389000000	-103.045000000	1263.4	
T	41.344000000	-82.178000000	240.5	
T	34.111000000	-84.449000000	273.9	
T	34.160000000	-111.726000000	697.8	
T	61.216000000	-149.842000000	40.7	
T	44.497000000	-123.289000000	74.6	
T	61.859000000	-150.126000000	40.9	
T	29.690000000	-82.272000000	39.0	
T	40.351000000	-122.205000000	112.8	
T	31.411000000	-86.090000000	77.9	
T	41.916000000	-72.777000000	56.3	
T	35.879000000	-86.378000000	185.6	
T	42.332000000	-118.316000000	1373.9	
T	34.374000000	-118.962000000	106.6	
T	39.570000000	-104.849000000	1778.7	
T	29.824000000	-95.676000000	33.8	
T	32.682000000	-103.221000000	1111.8	
T	25.649000000	-80.429000000	1.5	
T	39.193000000	-119.735000000	1433.8	
T	38.655000000	-78.668000000	313.3	
T	32.318000000	-78.066000000		
T	40.000000000	-77.000000000	151.8	
T	34.138000000	-118.724000000	256.6	
T	34.848000000	-82.350000000	309.2	
T	39.221000000	-74.796000000	11.1	
T	37.159000000	-113.307000000	998.5	
T	40.823000000	-72.751000000	14.2	
T	39.901000000	-80.131000000	323.5	
T	44.666000000	-121.153000000	741.3	
T	42.664000000	-85.345000000	243.7	
T	37.330000000	-79.200000000	292.0	
T	35.071000000	-107.035000000	1716.7	
T	44.196000000	-73.349000000	41.2	
T	41.516000000	-75.252000000	409.1	
T	33.978000000	-83.962000000	311.0	
T	45.628000000	-122.404000000	127.7	
T	32.059000000	-82.154000000	54.7	
T	40.799000000	-72.612000000	0.0	
T	40.111000000	-104.701000000	1513.1	
T	34.079000000	-84.861000000	272.5	
T	28.304000000	-97.331000000	15.8	
T	32.969000000	-97.879000000	363.7	
T	28.706000000	-96.804000000	15.1	
T	61.252000000	-149.964000000	28.4	
T	36.681000000	-121.763000000	37.6	
T	33.386000000	-84.322000000	262.1	
T	39.237000000	-121.111000000	696.2	
T	30.055000000	-92.246000000	5.1	
T	37.936000000	-91.814000000	296.9	
T	40.533000000	-80.541000000	372.9	
T	30.039000000	-90.026000000	1.0	
T	42.367000000	-122.869000000	403.9	
T	36.638000000	-80.707000000	835.9	
T	30.336000000	-94.939000000	41.0	
T	37.894000000	-121.238000000	8.3	
T	29.539000000	-98.480000000	243.8	
T	39.069000000	-95.622000000	267.7	
T	32.132000000	-88.793000000	71.1	
T	35.417000000	-80.151000000	174.4	
T	33.980000000	-83.661000000	277.3	
T	29.823000000	-102.691000000	832.9	
T	35.966000000	-95.342000000	178.9	
T	27.412000000	-82.154000000	17.7	
T	43.507000000	-114.299000000	1617.6	
T	35.986000000	-85.809000000	329.9	
T	27.989000000	-82.019000000	40.0	
T	40.185000000	-74.122000000	42.6	
T	34.093000000	-117.792000000	293.5	
T	43.075000000	-116.771000000	2028.7	
T	34.210000000	-118.490000000	237.3	
T	40.034000000	-79.024000000	682.9	
T	32.897000000	-96.834000000	175.5	
T	64.611000000	-144.617000000	1187.4	
T	37.184000000	-78.102000000	127.5	
T	27.459000000	-81.343000000	17.9	
T	27.459000000	-81.343000000	17.9	
T	34.839000000	-82.349000000	287.4	
T	42.171000000	-112.289000000	1368.4	
T	61.235000000	-149.943000000	0.0	
T	40.483000000	-111.426000000	1712.6	
T	44.417000000	-83.486000000	203.6	
T	59.190000000	-155.150000000	250.0	
T	33.311000000	-79.320000000	5.8	
T	43.239000000	-123.356000000	156.2	
T	62.570000000	-162.850000000	121.8	
T	59.325000000	-155.901000000	26.6	
T	38.190000000	-90.384000000	121.6	
T	39.418000000	-77.374000000	88.4	
T	29.644000000	-95.656000000	25.5	
T	37.230000000	-106.967000000	2259.0	
T	40.972000000	-98.315000000	561.5	
T	34.111000000	-117.687000000	428.2	
T	41.922000000	-84.588000000	354.7	
T	41.077000000	-71.921000000	1.2	
T	35.124000000	-114.531000000	340.8	
T	34.514000000	-109.370000000	1735.4	
T	45.450000000	-120.864000000	123.7	
T	41.708000000	-73.738000000	202.2	
T	41.708000000	-73.738000000	202.2	
T	39.943000000	-74.845000000	13.0	
T	42.454000000	-71.183000000	62.5	
T	39.714000000	-119.866000000	1592.9	
T	39.714000000	-119.866000000	1592.9	
T	35.238000000	-120.641000000	58.9	
T	60.941000000	-151.961000000	16.8	
T	40.145000000	-111.667000000	1378.8	
T	36.348000000	-94.219000000	394.1	
T	25.862000000	-80.897000000	2.6	
T	36.926000000	-111.448000000	1298.3	
T	29.130000000	-98.750000000	206.5	
T	39.909000000	-105.117000000	1714.0	
T	33.975000000	-117.636000000	191.4	
T	26.609000000	-80.083000000	3.0	
T	34.856000000	-102.326000000	1153.0	
T	38.377000000	-120.794000000	513.7	
T	43.153000000	-93.336000000	364.2	
T	29.742000000	-81.474000000	5.5	
T	36.226000000	-90.037000000	79.0	
T	44.368000000	-88.159000000	199.7	
T	33.051000000	-97.232000000	188.7	
T	35.791000000	-115.319000000	881.2	
T	37.862000000	-120.179000000	883.1	
T	62.300000000	-142.533000000	1586.0	
T	37.539000000	-77.326000000	49.2	
T	42.904000000	-82.550000000	192.9	
T	37.874000000	-92.407000000	339.0	
T	62.453000000	-148.687000000	1024.8	
T	48.660000000	-112.496000000	1203.8	
T	34.257000000	-118.409000000	294.8	
T	37.088000000	-84.076000000	362.6	
T	34.201000000	-118.359000000	221.7	
T	59.566000000	-139.741000000	0.0	
T	31.855000000	-102.074000000	852.6	
T	38.515000000	-89.091000000	158.7	
T	40.636000000	-79.111000000	430.7	
T	29.935000000	-95.640000000	41.2	
T	38.526000000	-77.860000000	91.6	
T	36.038000000	-95.986000000	189.1	
T	57.997000000	-154.996000000	0.0	
T	43.834000000	-111.805000000	1481.0	
T	39.787000000	-77.369000000	183.3	
T	35.550000000	-87.207000000	198.1	
T	44.666000000	-83.307000000	209.4	
T	40.618000000	-96.926000000	454.2	
T	36.029000000	-119.063000000	133.4	
T	62.096000000	-148.212000000	774.5	
T	31.881000000	-106.703000000	1253.0	
T	39.756000000	-82.657000000	259.1	
T	39.931000000	-84.026000000	266.4	
T	45.902000000	-84.707000000	177.0	
T	35.137000000	-118.444000000	1208.4	
T	42.597000000	-87.929000000	220.7	
T	34.670000000	-112.406000000	1496.7	
T	40.578000000	-122.410000000	211.8	
T	30.541000000	-92.204000000	17.6	
T	37.979000000	-98.105000000	496.2	
T	41.738000000	-72.649000000	4.8	
T	38.837000000	-92.000000000	267.1	
T	39.144000000	-78.144000000	217.5	
T	42.022000000	-70.837000000	18.7	
T	39.675000000	-85.322000000	316.4	
T	37.501000000	-77.126000000	30.8	
T	46.165000000	-103.301000000	896.4	
T	40.300000000	-83.000000000	288.2	
T	41.036000000	-75.161000000	145.2	
T	29.124000000	-81.888000000	31.7	
T	36.626000000	-93.229000000	285.1	
T	44.288000000	-120.905000000	988.6	
T	44.790000000	-71.826000000	360.5	
T	32.609000000	-82.370000000	97.5	
T	43.884000000	-72.252000000	210.5	
T	30.593000000	-84.549000000	47.3	
T	42.022000000	-70.835000000	18.1	
T	39.567000000	-76.202000000	120.3	
T	38.962000000	-104.575000000	2104.3	
T	44.759000000	-69.370000000	51.2	
T	39.576000000	-95.181000000	304.8	
T	32.439000000	-93.814000000	63.7	
T	47.994000000	-97.072000000	252.0	
T	21.578000000	-158.182000000	1.0	
T	44.472000000	-73.153000000	100.7	
T	62.798000000	-152.931000000	565.8	
T	44.533000000	-116.061000000	1514.3	
T	29.672000000	-95.070000000	7.2	
T	32.444000000	-97.817000000	235.1	
T	46.104000000	-122.898000000	4.0	
T	44.991000000	-114.748000000	1372.1	
T	61.790000000	-156.588000000	76.0	
T	39.615000000	-77.048000000	217.0	
T	41.843000000	-85.119000000	291.1	
T	61.533000000	-150.102000000	68.5	
T	40.494000000	-101.043000000	928.0	
T	26.647000000	-80.295000000	4.2	
T	38.973000000	-104.820000000	1992.2	
T	33.148000000	-97.490000000	268.4	
T	60.589000000	-152.162000000	8.5	
T	32.632000000	-108.154000000	1638.9	
T	27.182000000	-80.221000000	4.2	
T	43.951000000	-95.378000000	441.5	
T	43.415000000	-116.698000000	684.6	
T	44.356000000	-88.060000000	236.4	
T	44.016000000	-97.086000000	521.3	
T	42.770000000	-111.310000000	2295.7	
T	29.505000000	-95.175000000	7.1	
T	34.296000000	-118.469000000	349.4	
T	63.700000000	-147.126000000	1225.2	
T	68.294000000	-156.379000000	513.2	
T	42.492000000	-88.984000000	241.5	
T	37.035000000	-113.506000000	872.4	
T	44.813000000	-117.794000000	1031.8	
T	47.485000000	-111.360000000	1117.5	
T	39.505000000	-84.122000000	281.6	
T	61.761000000	-147.081000000	727.0	
T	36.742000000	-104.502000000	1932.9	
T	28.342000000	-80.687000000	1.4	
T	40.429000000	-104.632000000	1416.4	
T	28.867000000	-82.575000000	2.2	
T	38.704000000	-93.228000000	278.4	
T	36.879000000	-91.905000000	372.1	
T	33.696000000	-117.884000000	10.4	
T	38.198000000	-102.775000000	1183.3	
T	42.272000000	-77.685000000	623.7	
T	35.438000000	-94.803000000	156.5	
T	39.943000000	-74.846000000	12.8	
T	41.993000000	-86.128000000	224.9	
T	30.374000000	-87.726000000	17.9	
T	41.290000000	-86.631000000	216.1	
T	34.848000000	-82.350000000	309.2	
T	32.897000000	-97.038000000	176.2	
T	48.491000000	-122.942000000	35.1	
T	46.814000000	-94.409000000	398.8	
T	45.132000000	-115.321000000	1736.3	
T	65.607000000	-146.779000000	1202.9	
T	34.226000000	-77.945000000	12.9	
T	29.250000000	-107.409000000	1839.8	
T	33.033000000	-90.623000000	32.0	
T	40.706000000	-76.374000000	520.2	
T	45.000000000	-69.000000000	92.5	
T	46.382000000	-94.119000000	369.5	
T	41.275000000	-111.035000000	2169.3	
T	32.699000000	-97.047000000	178.3	
T	45.482000000	-85.781000000	193.7	
T	45.482000000	-85.781000000	193.7	
T	40.329000000	-82.526000000	361.7	
T	32.826000000	-116.972000000	113.4	
T	35.095000000	-106.163000000	1994.3	
T	41.027000000	-81.799000000	369.1	
T	45.882000000	-95.450000000	427.3	
T	33.221000000	-92.812000000	77.1	
T	41.667000000	-81.197000000	302.6	
T	30.056000000	-95.552000000	44.1	
T	38.653000000	-122.899000000	76.3	
T	36.773000000	-77.794000000	98.2	
T	30.224000000	-93.000000000	6.9	
T	35.160000000	-80.721000000	208.7	
T	30.779000000	-86.522000000	50.4	
T	29.656000000	-81.689000000	10.6	
T	28.777000000	-81.235000000	13.5	
T	33.939000000	-81.119000000	66.6	
T	61.630000000	-149.682000000	113.7	
T	35.485000000	-81.166000000	267.4	
T	36.199000000	-95.884000000	197.8	
T	28.985000000	-95.539000000	6.3	
T	47.482000000	-111.357000000	1119.6	
T	38.941000000	-104.569000000	2073.8	
T	43.302000000	-95.062000000	439.7	
T	30.737000000	-98.239000000	384.3	
T	47.907000000	-122.282000000	180.3	
T	45.672000000	-121.531000000	182.3	
T	43.761000000	-87.835000000	224.9	
T	36.601000000	-89.992000000	89.6	
T	30.546000000	-91.165000000	20.4	
T	42.701000000	-74.074000000	290.4	
T	45.777000000	-111.150000000	1357.6	
T	42.928000000	-89.418000000	299.6	
T	32.540000000	-93.745000000	52.4	
T	34.714000000	-85.681000000	461.9	
T	39.302000000	-120.125000000	1781.3	
T	42.114000000	-87.902000000	195.5	
T	34.210000000	-118.490000000	237.3	
T	36.124000000	-86.678000000	173.8	
T	46.528000000	-100.567000000	490.5	
T	26.002000000	-80.240000000	2.1	
T	64.989000000	-150.647000000	80.3	
T	61.595000000	-149.089000000	70.8	
T	48.472000000	-122.418000000	34.9	
T	33.564000000	-92.081000000	68.5	
T	39.589000000	-84.225000000	287.8	
T	18.455000000	-66.663000000	3.0	
T	47.941000000	-117.626000000	694.5	
T	39.079000000	-84.210000000	253.0	
T	42.799000000	-77.842000000	169.8	
T	40.242000000	-87.567000000	208.9	
T	35.318000000	-110.660000000	1549.8	
T	44.029000000	-117.018000000	657.9	
T	40.698000000	-84.636000000	243.4	
T	40.196000000	-89.304000000	183.9	
T	36.349000000	-92.556000000	142.1	
T	34.947000000	-91.114000000	60.2	
T	30.061000000	-95.553000000	45.7	
T	40.110000000	-88.683000000	214.9	
T	33.812000000	-78.724000000	9.3	
T	32.684000000	-96.873000000	195.2	
T	26.197000000	-80.171000000	3.7	
T	48.608000000	-112.376000000	1174.2	
T	35.237000000	-120.642000000	57.5	
T	44.326000000	-84.788000000	358.6	
T	32.029000000	-96.397000000	134.4	
T	61.567000000	-148.550000000	1249.2	
T	45.514000000	-115.443000000	1723.7	
T	43.170000000	-88.470000000	265.7	
T	37.720000000	-76.841000000	42.0	
T	37.108000000	-79.592000000	267.9	
T	41.944000000	-88.924000000	268.3	
T	37.515000000	-122.250000000	1.1	
T	36.032000000	-78.318000000	76.8	
T	32.958000000	-84.268000000	232.9	
T	42.543000000	-83.179000000	216.3	
T	35.608000000	-76.778000000	3.6	
T	45.863000000	-84.644000000	219.1	
T	31.817000000	-97.569000000	235.1	
T	25.778000000	-80.170000000	0.0	
T	30.499000000	-97.969000000	370.4	
T	38.668000000	-121.401000000	20.6	
T	32.609000000	-82.370000000	97.5	
T	30.352000000	-85.841000000	17.8	
T	44.854000000	-74.329000000	234.8	
T	34.745000000	-85.690000000	452.1	
T	38.836000000	-95.182000000	269.9	
T	42.291000000	-73.710000000	56.7	
T	43.166000000	-95.203000000	407.4	
T	38.311000000	-75.130000000	2.5	
T	41.562000000	-101.600000000	1092.3	
T	61.187000000	-149.966000000	21.7	
T	40.218000000	-111.931000000	1974.3	
T	61.500000000	-150.568000000	12.6	
T	36.246000000	-90.955000000	82.8	1k
T	38.128000000	-91.769000000	342.5	
T	47.866000000	-119.943000000	383.1	
T	42.120000000	-121.694000000	1245.6	
T	35.919000000	-75.696000000	3.4	
T	45.875000000	-99.636000000	565.7	
T	33.784000000	-112.138000000	496.0	
T	61.538000000	-148.938000000	17.0	
T	35.784000000	-80.299000000	212.6	
T	42.407000000	-83.025000000	190.4	
T	40.939000000	-90.623000000	210.0	
T	63.859000000	-146.493000000	774.4	
T	30.276000000	-81.786000000	26.2	
T	33.425000000	-112.373000000	291.6	
T	30.369000000	-89.391000000	2.3	
T	64.193000000	-147.946000000	486.3	
T	45.150000000	-115.071000000	1337.4	
T	30.784000000	-98.661000000	331.3	
T	61.179000000	-149.964000000	22.0	
T	47.337000000	-122.104000000	141.1	
T	44.513000000	-94.300000000	303.2	
T	37.822000000	-76.969000000	48.5	
T	59.509000000	-139.664000000	10.9	
T	36.472000000	-97.940000000	407.6	
T	48.909000000	-122.565000000	17.8	
T	33.939000000	-81.119000000	66.6	
T	34.316000000	-81.109000000	173.6	
T	38.221000000	-86.873000000	150.3	
T	39.471000000	-98.129000000	429.6	
T	27.456000000	-81.342000000	17.7	
T	27.656000000	-80.418000000	5.7	
T	32.219000000	-98.510000000	408.7	
T	41.746000000	-72.628000000	9.0	
T	48.708000000	-122.911000000	5.9	
T	40.144000000	-111.666000000	1379.7	
T	64.477000000	-146.774000000	210.6	
T	37.503000000	-77.127000000	35.9	
T	42.403000000	-88.375000000	265.4	
T	39.189000000	-83.539000000	289.3	
T	42.422000000	-87.868000000	215.5	
T	61.536000000	-149.814000000	49.9	
T	32.828000000	-107.299000000	1263.5	
T	32.912000000	-100.541000000	556.5	
T	38.555000000	-121.297000000	25.9	
T	61.617000000	-149.322000000	136.9	
T	38.644000000	-88.965000000	173.0	
T	33.721000000	-96.673000000	223.8	
T	28.924000000	-81.651000000	31.9	
T	33.626000000	-82.496000000	100.4	
T	41.154000000	-104.785000000	1843.3	
T	36.430000000	-93.696000000	476.4	
T	33.036000000	-96.243000000	164.1	
T	40.026000000	-74.756000000	11.2	
T	33.690000000	-112.079000000	447.6	
T	28.000000000	-82.163000000	45.6	
T	27.197000000	-81.839000000	18.2	
T	42.030000000	-91.532000000	262.6	
T	31.999000000	-110.358000000	1165.0	
T	47.505000000	-122.219000000	5.1	
T	18.270000000	-66.400000000	627.6	
T	42.628000000	-89.598000000	305.2	
T	41.372000000	-73.482000000	137.7	
T	32.086000000	-97.101000000	204.1	
T	29.239000000	-81.079000000	7.9	
T	57.172000000	-135.277000000	6.6	
T	30.461000000	-87.877000000	20.0	
T	30.533000000	-91.150000000	20.6	
T	34.982000000	-105.991000000	1881.5	
T	48.164000000	-122.163000000	40.6	
T	38.708000000	-93.176000000	268.4	
T	29.454000000	-99.694000000	359.7	
T	64.650000000	-147.610000000	148.1	
T	32.838000000	-93.838000000	58.7	
T	36.174000000	-94.122000000	412.6	
T	63.467000000	-148.367000000	1039.2	
T	62.430000000	-150.240000000	130.9	
T	34.939000000	-118.127000000	771.2	
T	37.011000000	-112.531000000	1475.9	
T	38.792000000	-84.775000000	247.9	
T	35.506000000	-103.170000000	1225.5	
T	35.619000000	-78.699000000	72.1	
T	40.572000000	-72.075000000	0.0	
T	61.493000000	-149.703000000	80.9	
T	36.631000000	-80.018000000	278.4	
T	65.000000000	-159.417000000	554.5	
T	32.518000000	-94.690000000	118.6	
T	33.039000000	-116.911000000	424.4	
T	35.243000000	-90.571000000	64.2	
T	31.000000000	-102.000000000	690.0	
T	38.078000000	-117.042000000	1655.6	
T	40.768000000	-73.390000000	31.1	
T	34.258000000	-111.336000000	1566.1	
T	56.964000000	-133.916000000	44.0	
T	35.612000000	-97.873000000	373.7	
T	46.373000000	-117.021000000	442.0	
T	28.291000000	-81.437000000	24.1	
T	34.341000000	-112.294000000	1372.9	
T	33.876000000	-84.302000000	301.4	
T	33.898000000	-117.601000000	160.9	
T	42.219000000	-92.026000000	253.1	
T	37.652000000	-97.384000000	393.9	
T	42.978000000	-112.792000000	1340.7	
T	46.309000000	-116.964000000	635.0	
T	38.729000000	-84.395000000	268.6	
T	35.185000000	-80.607000000	213.4	
T	60.490000000	-151.235000000	17.4	
T	42.154000000	-88.511000000	270.2	
T	20.801000000	-95.873000000		
T	36.557000000	-90.205000000	94.3	
T	41.195000000	-96.114000000	318.8	
T	45.550000000	-122.957000000	60.1	
T	39.611000000	-77.010000000	240.0	
T	39.078000000	-84.211000000	254.0	
T	32.455000000	-91.826000000	24.5	
T	29.085000000	-81.042000000	6.4	
T	36.658000000	-76.337000000	3.9	
T	14.062000000	87.217000000		
T	33.872000000	-87.260000000	149.6	
T	33.872000000	-87.260000000	149.6	
T	47.511000000	-94.935000000	422.9	
T	40.732000000	-73.414000000	21.9	
T	32.967000000	-82.838000000	130.3	
T	34.153000000	-83.368000000	263.9	
T	42.344000000	-71.512000000	84.2	
T	30.731000000	-86.154000000	86.0	
T	47.459000000	-122.477000000	97.8	
T	30.739000000	-98.239000000	385.4	
T	40.049000000	-120.981000000	906.1	
T	33.969000000	-112.799000000	720.5	
T	31.084000000	-97.687000000	255.7	
T	35.145000000	-106.795000000	1770.9	
T	44.827000000	-93.461000000	273.4	
T	41.587000000	-95.337000000	364.9	
T	39.364000000	-84.522000000	185.6	
T	34.705000000	-77.051000000	8.6	
T	48.883000000	-122.284000000	75.6	
T	33.009000000	-85.070000000	207.8	
T	40.802000000	-80.161000000	272.5	
T	28.342000000	-80.689000000	1.3	
T	35.136000000	-92.715000000	97.3	
T	33.269000000	-111.811000000	377.0	
T	33.269000000	-111.811000000	377.0	
T	40.876000000	-81.766000000	313.7	
T	39.516000000	-104.834000000	1843.4	
T	33.134000000	-116.578000000	1363.9	
T	33.969000000	-112.799000000	720.5	
T	33.461000000	-111.728000000	420.1	
T	39.223000000	-121.005000000	945.5	
T	39.080000000	-84.209000000	250.8	
T	41.454000000	-87.007000000	231.4	
T	61.395000000	-149.842000000	27.3	
T	35.596000000	-106.902000000	1744.0	
T	26.157000000	-81.771000000	2.3	
T	27.656000000	-80.418000000	5.7	
T	39.909000000	-105.117000000	1714.0	
T	34.274000000	-83.831000000	385.9	
T	36.622000000	-87.415000000	166.1	
T	38.586000000	-77.711000000	98.2	
T	41.431000000	-84.981000000	274.6	
T	43.350000000	-76.388000000	139.6	
T	43.352000000	-76.386000000	140.4	
T	33.272000000	-111.813000000	375.9	
T	41.928000000	-88.708000000	274.6	
T	41.426000000	-74.404000000	139.9	
T	35.570000000	-90.636000000	65.7	
T	44.304000000	-121.539000000	959.2	
T	33.528000000	-112.294000000	320.6	
T	41.121000000	-74.351000000	249.5	
T	31.758000000	-104.776000000	1515.2	
T	34.830000000	-92.256000000	164.5	
T	39.265000000	-122.119000000	17.6	
T	37.461000000	-122.115000000	1.3	
T	36.930000000	-111.450000000	1296.5	
T	29.689000000	-82.273000000	39.3	
T	37.904000000	-111.418000000	2014.5	
T	47.453000000	-99.154000000	488.8	
T	38.378000000	-121.961000000	33.6	
T	47.683000000	-117.324000000	593.2	
T	48.650000000	-122.584000000	1.7	
T	29.445000000	-96.399000000	48.3	
T	37.373000000	-118.364000000	1254.6	
T	45.516000000	-123.014000000	56.9	
T	42.356000000	-72.130000000	179.1	
T	27.504000000	-97.812000000	14.0	
T	33.970000000	-112.795000000	710.7	
T	38.551000000	-97.427000000	411.9	
T	41.012000000	-74.736000000	178.1	
T	34.214000000	-119.094000000	20.4	
T	43.049000000	-73.859000000	129.6	
T	33.796000000	-81.246000000	137.6	
T	44.506000000	-89.025000000	265.2	
T	37.336000000	-121.820000000	39.2	
T	29.739000000	-98.451000000	325.9	
T	48.541000000	-111.871000000	1045.0	
T	40.423000000	-78.212000000	313.5	
T	46.205000000	-115.582000000	1178.8	
T	37.708000000	-77.436000000	61.9	
T	36.683000000	-76.600000000	19.1	
T	29.570000000	-98.468000000	258.1	
T	30.398000000	-87.349000000	8.2	
T	38.098000000	-78.722000000	449.4	
T	38.806000000	104.701000000	1351.6	
T	38.802000000	-76.069000000	14.1	
T	60.540000000	-150.870000000	99.0	
T	29.702000000	-98.027000000	191.9	
T	32.572000000	-116.981000000	157.7	
T	33.636000000	-111.898000000	466.7	
T	61.569000000	-149.851000000	62.3	
T	32.139000000	-111.173000000	734.6	
T	38.269000000	-122.576000000	93.0	
T	34.225000000	-99.283000000	382.9	
T	37.692000000	-121.819000000	117.6	
T	45.779000000	-111.156000000	1356.4	
T	45.779000000	-111.156000000	1356.4	
T	29.159000000	-81.085000000	7.4	
T	40.491000000	85.680000000	897.0	
T	40.491000000	85.680000000	897.0	
T	59.442000000	-151.704000000	8.8	
T	33.689000000	-112.082000000	445.9	
T	34.650000000	-112.428000000	1530.6	
T	36.608000000	-94.728000000	251.0	
T	39.735000000	-111.870000000	1526.5	
T	41.890000000	-121.976000000	1293.4	
T	36.663000000	-121.608000000	22.2	
T	32.959000000	-112.679000000	234.8	
T	43.583000000	-116.523000000	773.3	
T	41.677000000	-70.959000000	20.9	
T	33.896000000	-86.161000000	156.3	
T	37.848000000	-121.516000000	-1.5	
T	33.872000000	-117.980000000	27.7	
T	36.676000000	-121.757000000	41.5	
T	61.216000000	-149.842000000	40.7	
T	34.407000000	-86.933000000	183.3	
T	40.772000000	-80.387000000	379.1	
T	32.623000000	-90.103000000	78.0	
T	39.123000000	-94.593000000	226.8	
T	41.326000000	-86.662000000	208.1	
T	35.794000000	-96.030000000	228.3	
T	43.974000000	-102.904000000	885.8	
T	39.220000000	-121.411000000	45.3	
T	44.022000000	-117.015000000	667.0	
T	34.225000000	-99.283000000	382.9	
T	44.381000000	-73.228000000	46.8	
T	29.658000000	-81.684000000	9.2	
T	29.658000000	-81.684000000	9.2	
T	24.556000000	-81.759000000	0.6	
T	26.918000000	-81.997000000	6.5	
T	28.290000000	-81.437000000	24.1	
T	36.666000000	-76.321000000	4.4	
T	47.905000000	-122.103000000	4.6	
T	44.013000000	-97.087000000	522.0	
T	31.909000000	-111.121000000	1200.1	
T	42.195000000	-89.097000000	221.0	
T	45.830000000	-122.638000000	8.0	
T	42.470000000	-71.290000000	37.8	
T	41.886000000	-91.707000000	262.7	
T	45.538000000	-122.947000000	61.4	
T	43.622000000	-84.737000000	229.4	
T	32.959000000	-96.832000000	192.8	
T	43.984000000	-88.557000000	239.4	
T	48.499000000	-122.662000000	74.7	
T	48.471000000	-122.422000000	35.0	
T	31.547000000	-93.491000000	95.3	
T	32.037000000	-102.102000000	853.3	
T	27.561000000	-99.458000000	151.7	
T	34.487000000	-91.866000000	65.6	
T	27.988000000	-82.020000000	39.5	
T	28.039000000	-97.542000000	14.7	
T	41.148000000	-81.416000000	339.8	
T	39.567000000	-76.202000000	120.3	
T	28.987000000	-80.926000000	3.2	
T	45.350000000	-122.240000000	350.6	
T	27.654000000	-80.423000000	6.0	
T	33.520000000	-95.338000000	122.6	
T	32.301000000	-96.372000000	98.6	
T	26.249000000	-80.118000000	5.6	
T	45.927000000	-118.131000000	1316.2	
T	38.288000000	-75.092000000	0.0	
T	31.920000000	-102.390000000	903.7	
T	29.431000000	-81.676000000	-0.2	
T	33.507000000	-90.270000000	38.0	
T	64.191000000	-51.678000000	70.0	
T	60.938000000	-164.640000000	3.0	
T	28.707000000	-81.582000000	38.7	
T	35.927000000	-78.248000000	53.2	
T	34.264000000	-110.013000000	1947.9	
T	28.228000000	-82.156000000	25.6	
T	40.465000000	-86.613000000	211.7	
T	32.819000000	-117.123000000	130.9	
T	31.156000000	-81.391000000	4.6	
T	31.156000000	-81.391000000	4.6	
T	30.000000000	-85.000000000	7.6	
T	30.336000000	-81.514000000	11.9	
T	15.115000000	145.717000000	62.7	
T	39.050000000	-119.794000000	1420.5	
T	40.903000000	-82.256000000	365.1	
T	41.288000000	-110.982000000	2037.0	
T	38.059000000	-83.980000000	299.7	
T	61.580000000	-150.410000000	13.4	
T	39.909000000	-105.117000000	1714.0	
T	33.688000000	-112.082000000	445.7	
T	41.781000000	-122.468000000	806.8	
T	35.765000000	-80.954000000	294.3	
T	39.192000000	-119.732000000	1432.5	
T	39.191000000	-119.726000000	1434.8	
T	32.967000000	-97.275000000	215.9	
T	46.921000000	-96.816000000	273.6	
T	32.817000000	-116.983000000	141.4	
T	44.580000000	-124.058000000	41.4	
T	32.374000000	-82.080000000	59.5	
T	58.373000000	-134.051000000	0.0	
T	42.184000000	-73.407000000	225.6	
T	37.870000000	-96.690000000	428.9	
T	36.211000000	-115.194000000	667.1	
T	34.346000000	-119.063000000	73.8	
T	40.621000000	-73.273000000	0.0	
T	31.000000000	-86.000000000	26.2	
T	41.520000000	-72.820000000	70.7	
T	40.231000000	-87.411000000	186.8	
T	32.756000000	-108.210000000	1847.1	
T	40.440000000	-105.007000000	1529.8	
T	24.957000000	-81.051000000	0.0	
T	33.180000000	-96.589000000	172.4	
T	29.723000000	-98.694000000	421.1	
T	41.196000000	-96.112000000	317.2	
T	26.339000000	-81.664000000	4.9	
T	32.449000000	-99.733000000	522.3	
T	41.200000000	-74.623000000	123.5	
T	39.402000000	-77.983000000	164.4	
T	38.776000000	-122.992000000	81.2	
T	39.500000000	-119.768000000	1342.1	
T	34.233000000	-117.171000000	1735.4	
T	33.621000000	-111.913000000	445.6	
T	58.356000000	-134.580000000	6.2	
T	46.161000000	-123.640000000	38.8	
T	33.898000000	-117.602000000	160.3	
T	40.169000000	-105.173000000	1542.6	
T	34.199000000	-96.674000000	196.0	
T	44.142000000	-115.314000000	1467.7	
T	40.891000000	-117.807000000	1310.9	
T	40.399000000	-115.420000000	1817.8	
T	42.843000000	-76.445000000	305.6	
T	40.145000000	-111.668000000	1379.4	
T	41.003000000	-81.756000000	294.4	
T	36.732000000	-97.100000000	306.1	
T	45.247000000	-122.770000000	60.3	
T	37.378000000	-79.121000000	254.1	
T	34.092000000	-117.248000000	331.2	
T	44.485000000	-103.788000000	1182.1	
T	39.443000000	-122.960000000	559.8	
T	33.673000000	-117.867000000	14.9	
T	35.491000000	-82.059000000	417.8	
T	43.064000000	-108.460000000	1666.6	
T	27.946000000	-81.774000000	33.9	
T	41.344000000	-92.663000000	230.9	
T	41.944000000	-83.433000000	187.0	
T	27.074000000	-82.437000000	5.2	
T	44.222000000	-93.918000000	309.0	
T	29.109000000	-95.462000000	8.4	
T	40.166000000	-105.166000000	1538.1	
T	33.688000000	-112.082000000	445.7	
T	32.493000000	-80.992000000	22.8	
T	38.428000000	-92.875000000	311.8	
T	35.968000000	-83.900000000	274.3	
T	61.731000000	-150.672000000	19.7	
T	61.752000000	-150.053000000	63.8	
T	61.752000000	-150.053000000	63.8	
T	30.678000000	-97.400000000	164.1	
T	43.961000000	-69.712000000	16.7	
T	36.050000000	-79.473000000	181.9	
T	36.087000000	-78.138000000	96.6	
T	39.372000000	-85.248000000	270.0	
T	38.086000000	-120.759000000	313.6	
T	26.177000000	-80.176000000	0.1	
T	25.644000000	-80.456000000	2.2	
T	21.133000000	-157.150000000	388.1	
T	32.825000000	-117.171000000	116.4	
T	35.207000000	-97.970000000	366.3	
T	38.512000000	-121.493000000	6.1	
T	43.078000000	-94.272000000	369.6	
T	28.765000000	-81.061000000	0.0	
T	47.908000000	-122.281000000	180.0	
T	17.700000000	-64.817000000	21.5	
T	38.400000000	-90.370000000	153.7	
T	33.527000000	-112.295000000	319.5	
T	36.781000000	-76.451000000	6.4	
T	31.011000000	-87.037000000	57.4	
T	41.669000000	-70.280000000	13.1	
T	42.203000000	-89.082000000	223.8	
T	33.974000000	-117.637000000	190.0	
T	30.901000000	-83.881000000	74.5	
T	39.418000000	-77.374000000	88.4	
T	38.366000000	-85.738000000	140.5	
T	46.901000000	-95.072000000	439.3	
T	36.089000000	-88.463000000	147.5	
T	38.933000000	-81.818000000	216.2	
T	33.872000000	-117.978000000	28.5	
T	38.946000000	-76.773000000	48.5	
T	25.651000000	-80.439000000	1.3	
T	39.467000000	-77.018000000	234.0	
T	62.293000000	-153.362000000	432.0	
T	44.251000000	-90.856000000	252.6	
T	29.181000000	-81.059000000	8.8	
T	32.142000000	-111.183000000	728.5	
T	32.037000000	-102.102000000	853.3	
T	42.884000000	-88.585000000	243.9	
T	40.485000000	-78.725000000	650.8	
T	27.924000000	-82.691000000	0.3	
T	42.328000000	-72.611000000	37.0	
T	30.699000000	-96.655000000	129.2	
T	29.952000000	-81.979000000	59.3	
T	45.236000000	-93.986000000	311.5	
T	41.696000000	-88.129000000	200.1	
T	47.021000000	-102.810000000	782.9	
T	37.856000000	-94.001000000	282.0	
T	32.817000000	-117.142000000	127.5	
T	39.566000000	-104.658000000	1874.0	
T	35.143000000	-118.441000000	1211.5	
T	34.096000000	-119.075000000	3.0	
T	34.871000000	-118.206000000	733.9	
T	27.983000000	-82.763000000	19.5	
T	39.789000000	-121.853000000	63.8	
T	34.549000000	-78.777000000	36.4	
T	35.766000000	-80.966000000	287.9	
T	26.248000000	-80.110000000	4.5	
T	28.103000000	-80.645000000	7.2	
T	41.602000000	-109.118000000	1949.8	
T	25.908000000	-80.278000000	1.5	
T	40.078000000	-83.068000000	271.4	
T	32.114000000	-110.939000000	793.6	
T	42.324000000	-88.080000000	236.7	
T	48.467000000	-122.418000000	27.2	
T	30.358000000	-85.796000000	19.6	
T	-15.934000000	-50.140000000	495.2	
T	38.984000000	-76.566000000	15.5	
T	31.352000000	-92.440000000	37.1	
T	40.277000000	-74.813000000	57.7	
T	32.822000000	-83.562000000	130.9	
T	42.402000000	-88.632000000	277.1	
T	39.756000000	-82.657000000	259.1	
T	48.702000000	-116.243000000	536.7	
T	35.653000000	-85.916000000	317.4	
T	34.761000000	-106.745000000	1475.1	
T	39.084000000	-84.205000000	246.3	
T	35.654000000	-105.142000000	2091.9	
T	32.666000000	-107.214000000	1259.8	
T	36.788000000	-98.671000000	441.4	
T	42.594000000	-72.525000000	105.5	
T	34.264000000	-78.727000000	31.2	
T	48.050000000	-122.797000000	30.7	
T	34.434000000	-84.177000000	427.5	
T	48.469000000	-122.420000000	30.9	
T	61.843000000	-151.110000000	68.2	
T	30.397000000	-84.351000000	16.6	
T	42.862000000	-78.717000000	202.2	
T	46.374000000	-117.015000000	436.6	
T	37.817000000	-121.456000000	1.6	
T	47.268000000	-122.578000000	89.7	
T	34.189000000	-102.236000000	1113.1	
T	41.239000000	-76.931000000	156.8	
T	39.691000000	-83.992000000	282.8	
T	36.662000000	-121.614000000	22.0	
T	33.052000000	-112.171000000	381.5	
T	35.074000000	-77.042000000	4.9	
T	40.762000000	-119.212000000	1190.9	
T	37.516000000	-122.254000000	1.3	
T	26.560000000	-97.439000000	3.0	
T	35.923000000	-75.696000000	3.5	
T	45.110000000	-95.129000000	340.0	
T	40.331000000	-74.345000000	22.9	
T	41.454000000	-80.693000000	335.8	
T	61.640000000	-161.446000000	15.3	
T	47.329000000	-122.227000000	17.8	
T	32.461000000	-85.680000000	78.8	
T	45.218000000	-93.434000000	253.8	
T	33.308000000	-111.656000000	415.9	
T	34.019000000	-85.146000000	291.8	
T	32.337000000	-106.916000000	1350.0	
T	32.960000000	-115.367000000	-17.5	
T	30.389000000	-88.753000000	6.3	
T	34.761000000	-106.745000000	1475.1	
T	41.132000000	-81.762000000	359.2	
T	44.252000000	-90.851000000	254.0	
T	34.212000000	-99.289000000	381.8	
T	32.142000000	-111.174000000	731.6	
T	58.830000000	-159.532000000	0.0	
T	37.588000000	-76.474000000	13.2	
T	38.920000000	-78.263000000	205.2	
T	42.665000000	-83.423000000	296.8	
T	40.890000000	-77.602000000	379.0	
T	32.582000000	-100.502000000	673.9	
T	41.772000000	-88.476000000	210.4	
T	45.428000000	-122.942000000	45.4	
T	34.214000000	-119.084000000	23.8	
T	33.496000000	-79.957000000	7.6	
T	46.567000000	-120.536000000	321.8	
T	36.679000000	-76.033000000	4.1	
T	18.457000000	-66.098000000	3.0	
T	42.254000000	-122.266000000	1714.3	
T	41.168000000	-71.585000000	21.6	1k
T	37.363000000	-121.929000000	13.4	
T	33.450000000	-93.996000000	103.8	
T	48.471000000	-122.422000000	35.0	
T	33.457000000	-80.863000000	52.0	
T	34.897000000	-86.557000000	241.0	
T	29.000000000	-81.000000000	8.1	
T	38.185000000	-95.484000000	327.1	
T	48.311000000	-114.256000000	904.2	
T	33.312000000	-86.926000000	212.1	
T	42.799000000	-77.842000000	169.8	
T	32.571000000	-116.964000000	152.4	
T	40.165000000	-84.308000000	300.2	
T	34.259000000	-118.413000000	300.2	
T	62.070000000	-160.564000000	29.3	
T	25.475000000	-76.684000000	4.2	
T	33.990000000	-83.677000000	275.0	
T	61.177000000	-151.153000000	47.1	
T	32.410000000	-97.387000000	251.3	
T	33.454000000	-92.758000000	41.0	
T	27.977000000	-82.759000000	21.1	
T	42.537000000	-99.959000000	786.7	
T	48.065000000	-96.257000000	336.5	
T	34.174000000	-118.293000000	172.1	
T	34.884000000	-112.156000000	1301.6	
T	33.970000000	-117.620000000	191.8	
T	41.372000000	-73.482000000	137.7	
T	35.146000000	-106.801000000	1774.5	
T	38.512000000	-121.493000000	6.1	
T	35.704000000	-79.504000000	181.8	
T	37.042000000	-113.508000000	876.9	
T	31.520000000	-83.800000000	100.7	
T	43.733000000	-81.700000000	224.9	
T	32.822000000	-116.970000000	116.1	
T	36.374000000	-86.408000000	167.9	
T	62.276000000	-150.980000000	207.7	
T	24.726000000	-81.229000000	0.0	
T	40.524000000	-80.406000000	372.1	
T	41.361000000	-72.744000000	99.7	
T	37.378000000	-79.122000000	259.5	
T	41.494000000	-73.451000000	129.8	
T	34.872000000	-95.788000000	227.5	
T	39.410000000	-107.210000000	1865.1	
T	44.703000000	-67.479000000	25.8	
T	62.381000000	-151.909000000	96.7	
T	41.251000000	-70.068000000	9.4	
T	41.191000000	-112.008000000	1350.1	
T	39.406000000	-119.241000000	1285.1	
T	37.909000000	-99.403000000	660.5	
T	41.708000000	-86.317000000	235.0	
T	34.608000000	-120.075000000	205.3	
T	38.611000000	-94.344000000	271.9	
T	41.689000000	-72.867000000	59.4	
T	52.828000000	0.459000000	10.2	
T	48.519000000	-116.822000000	751.3	
T	38.107000000	-122.126000000	184.3	
T	33.573000000	-84.911000000	320.8	
T	39.909000000	-105.120000000	1709.1	
T	33.176000000	-96.589000000	175.2	
T	43.022000000	-91.124000000	200.0	
T	44.022000000	-89.098000000	243.4	
T	47.640000000	-111.966000000	1209.5	
T	33.398000000	-96.485000000	208.4	
T	37.376000000	-120.573000000	55.5	
T	34.339000000	-119.056000000	91.1	
T	37.468000000	-93.930000000	317.8	
T	67.874000000	-156.932000000	615.6	
T	43.985000000	-88.577000000	251.4	
T	-25.854000000	27.534000000	1765.9	
T	28.342000000	-80.686000000	1.0	
T	41.533000000	-71.280000000	50.4	
T	33.430000000	-112.369000000	293.4	
T	44.569000000	-72.018000000	355.1	
T	39.909000000	-105.117000000	1714.0	
T	39.930000000	-86.040000000	246.6	
T	40.463000000	-119.367000000	1382.3	
T	61.568000000	-149.552000000	99.5	
T	44.734000000	-103.862000000	966.8	
T	34.571000000	-114.358000000	231.9	
T	36.585000000	-86.478000000	246.6	
T	34.860000000	-86.758000000	250.9	
T	44.950000000	-84.621000000	385.6	
T	32.239000000	-81.439000000	11.4	
T	40.559000000	-124.149000000	16.2	
T	43.344000000	-72.517000000	170.6	
T	44.520000000	-109.024000000	1545.7	
T	41.597000000	-74.461000000	167.2	
T	40.509000000	-122.293000000	151.4	
T	62.169000000	-145.410000000	401.1	
T	45.459000000	74.547000000	346.7	
T	35.018000000	-80.622000000	204.1	
T	29.658000000	-81.689000000	9.7	
T	42.154000000	-121.721000000	1246.0	
T	40.596000000	-111.988000000	1404.3	
T	45.427000000	-122.944000000	42.1	
T	28.876000000	-99.005000000	176.5	
T	30.444000000	-87.660000000	24.6	
T	30.246000000	-87.701000000	2.1	
T	61.194000000	-152.028000000	125.5	
T	41.126000000	-100.684000000	844.0	
T	33.114000000	-115.365000000	-6.8	
T	37.504000000	-121.385000000	685.4	
T	43.834000000	-111.805000000	1481.0	
T	41.893000000	-89.078000000	235.7	
T	37.863000000	-89.864000000	112.1	
T	34.406000000	-86.261000000	180.7	
T	33.600000000	-90.781000000	38.9	
T	40.010000000	-105.048000000	1551.9	
T	29.959000000	-81.340000000	1.6	
T	43.383000000	-72.185000000	234.9	
T	29.477000000	-81.137000000	0.3	
T	39.065000000	-74.910000000	1.3	
T	38.947000000	-92.693000000	193.5	
T	29.102000000	-95.462000000	8.8	
T	35.006000000	-114.565000000	211.7	
T	44.142000000	-115.314000000	1467.7	
T	40.092000000	-76.574000000	129.9	
T	27.977000000	-82.759000000	21.1	
T	35.838000000	-87.445000000	231.6	
T	30.523000000	-87.903000000	36.7	
T	32.472000000	-100.469000000	717.5	
T	61.582000000	-159.543000000	17.2	
T	60.956000000	-151.639000000	5.0	
T	47.142000000	-119.238000000	366.6	
T	30.154000000	-90.938000000	3.4	
T	33.757000000	-90.259000000	43.2	
T	62.696000000	-148.918000000	590.8	
T	34.312000000	-84.422000000	368.3	
T	33.269000000	-111.811000000	377.0	
T	36.182000000	-86.887000000	145.8	
T	32.040000000	-88.728000000	69.8	
T	43.128000000	-85.677000000	228.0	
T	40.900000000	82.260000000	979.0	
T	40.607000000	-111.999000000	1416.1	
T	39.871000000	-96.259000000	414.5	
T	41.576000000	-73.468000000	207.8	
T	41.829000000	-84.074000000	243.8	
T	39.264000000	-74.608000000	0.6	
T	33.312000000	-84.770000000	291.2	
T	36.742000000	-104.502000000	1932.9	
T	45.628000000	-122.404000000	127.7	
T	37.064000000	-89.219000000	96.8	
T	39.125000000	-82.538000000	219.3	
T	40.973000000	-90.304000000	244.5	
T	42.906000000	-112.591000000	1355.1	
T	43.582000000	-116.524000000	772.4	
T	40.408000000	-74.966000000	64.1	
T	45.215000000	-122.589000000	77.8	
T	38.540000000	-94.561000000	285.3	
T	35.646000000	-80.520000000	234.9	
T	47.483000000	19.517000000	148.2	
T	39.096000000	-93.203000000	235.8	
T	62.522000000	-148.587000000	1489.7	
T	61.601000000	-150.095000000	59.9	
T	38.730000000	-109.752000000	1398.8	
T	38.803000000	-104.716000000	1853.3	
T	40.752000000	-99.001000000	645.3	
T	36.355000000	-96.011000000	202.8	
T	31.357000000	-100.499000000	582.2	
T	33.687000000	-112.100000000	436.7	
T	33.034000000	-115.453000000	-41.0	
T	61.924000000	-153.024000000	1422.4	
T	32.095000000	-95.290000000	178.6	
T	41.117000000	-114.920000000	1752.2	
T	34.485000000	-117.826000000	1041.6	
T	33.154000000	-111.927000000	356.1	
T	39.572000000	-104.848000000	1775.1	
T	39.069000000	-95.622000000	267.7	
T	33.129000000	-117.276000000	97.3	
T	40.777000000	-79.951000000	378.9	
T	41.368000000	-73.493000000	141.0	
T	35.930000000	-95.004000000	265.1	
T	34.252000000	-116.849000000	2133.9	
T	27.974000000	-82.757000000	20.7	
T	29.601000000	-96.322000000	55.3	
T	40.281000000	-100.624000000	799.9	
T	40.065000000	-88.025000000	202.0	
T	21.427000000	-158.085000000	545.0	
T	29.359000000	-99.168000000	279.3	
T	33.181000000	-96.589000000	167.4	
T	47.196000000	-122.015000000	226.4	
T	32.094000000	-82.881000000	60.8	
T	38.147000000	-120.649000000	401.4	
T	43.956000000	-88.499000000	225.5	
T	41.175000000	-112.019000000	1368.1	
T	43.581000000	-116.521000000	772.3	
T	35.619000000	-90.569000000	65.8	
T	32.727000000	-98.891000000	383.7	
T	44.873000000	-108.796000000	1529.2	
T	37.334000000	-121.821000000	37.9	
T	38.367000000	-75.231000000	8.1	
T	60.529000000	-150.829000000	77.5	
T	45.431000000	-122.242000000	195.0	
T	32.766000000	-92.490000000	24.5	
T	38.977000000	-122.097000000	89.7	
T	42.904000000	-94.237000000	340.2	
T	36.589000000	-76.638000000	20.6	
T	34.123000000	-84.849000000	229.3	
T	30.421000000	-97.910000000	196.3	
T	38.961000000	-94.375000000	302.0	
T	59.199000000	-158.742000000	128.4	
T	33.964000000	-81.359000000	152.2	
T	26.228000000	-80.309000000	5.5	
T	38.656000000	-78.708000000	292.6	
T	39.000000000	-75.000000000	0.0	
T	41.719000000	-76.463000000	268.1	
T	39.945000000	-74.635000000	17.3	
T	41.589000000	-75.756000000	362.6	
T	41.392000000	-83.630000000	204.3	
T	43.262000000	-84.892000000	236.9	
T	42.227000000	-97.684000000	543.4	
T	43.212000000	-90.180000000	218.3	
T	39.368000000	-94.914000000	233.6	
T	36.700000000	-76.902000000	9.8	
T	35.039000000	-106.614000000	1619.3	
T	32.817000000	-117.137000000	129.5	
T	43.954000000	-70.588000000	80.5	
T	40.822000000	-72.867000000	21.9	
T	39.482000000	-95.204000000	320.5	
T	42.031000000	-91.532000000	262.7	
T	45.388000000	-86.923000000	194.5	
T	41.196000000	-112.013000000	1353.9	
T	32.817000000	-97.360000000	207.7	
T	27.074000000	-82.443000000	4.4	
T	43.504000000	-114.296000000	1612.1	
T	29.662000000	-81.216000000	1.7	
T	38.258000000	-122.434000000	8.0	
T	40.486000000	-112.174000000	2255.0	
T	25.710000000	-80.156000000	0.7	
T	32.344000000	-95.406000000	153.6	
T	30.498000000	-98.094000000	205.9	
T	26.023000000	-80.501000000	1.7	
T	43.581000000	-116.523000000	772.2	
T	48.522000000	-123.024000000	27.3	
T	41.343000000	-75.719000000	280.5	
T	44.836000000	-117.798000000	1026.0	
T	38.721000000	-77.514000000	53.9	
T	44.458000000	-101.679000000	717.6	
T	40.775000000	-93.233000000	308.3	
T	61.190000000	-149.947000000	21.7	
T	45.842000000	-109.894000000	1214.6	
T	67.499000000	-151.576000000	342.2	
T	46.038000000	-116.332000000	1049.1	
T	37.333000000	-121.819000000	39.4	
T	37.333000000	-121.819000000	39.4	
T	27.946000000	-81.774000000	33.9	
T	28.931000000	-81.093000000	3.2	
T	34.399000000	-98.266000000	318.7	
T	35.790000000	-90.888000000	74.7	
T	39.576000000	-81.690000000	249.6	
T	38.400000000	-121.942000000	29.6	
T	29.528000000	-98.467000000	236.5	
T	34.170000000	-91.935000000	60.0	
T	36.448000000	-76.946000000	-0.1	
T	34.250000000	-82.144000000	182.4	
T	26.637000000	-81.976000000	1.7	
T	39.124000000	-121.605000000	18.3	
T	40.968000000	-98.310000000	561.0	
T	41.516000000	-75.252000000	409.1	
T	41.071000000	-87.846000000	187.3	
T	44.578000000	-71.178000000	346.4	
T	39.868000000	-85.755000000	269.0	
T	41.612000000	-84.139000000	235.8	
T	42.261000000	-84.461000000	302.5	
T	32.409000000	-111.218000000	617.1	
T	39.447000000	-123.371000000	600.4	
T	37.492000000	-78.518000000	184.4	
T	18.458000000	-66.089000000	2.0	
T	43.356000000	-75.188000000	371.0	
T	42.782000000	-71.514000000	58.8	
T	39.364000000	-84.526000000	187.5	
T	42.712000000	-93.920000000	343.8	
T	32.540000000	-93.745000000	52.4	
T	60.456000000	-150.029000000	1008.6	
T	31.152000000	-81.391000000	4.3	
T	37.358000000	-78.438000000	121.4	
T	45.513000000	-115.439000000	1699.4	
T	13.484000000	144.797000000	79.6	
T	28.986000000	-96.759000000	22.9	
T	32.144000000	-111.172000000	730.0	
T	38.194000000	-121.701000000	6.1	
T	41.683000000	-80.433000000	361.2	
T	46.000000000	-96.000000000	365.1	
T	30.398000000	-87.349000000	8.2	
T	37.624000000	-118.839000000	2167.1	
T	25.496000000	-80.748000000	0.8	
T	42.220000000	-91.158000000	253.8	
T	21.317000000	-157.917000000	1.0	
T	38.525000000	-121.858000000	26.7	
T	33.685000000	-117.863000000	11.4	
T	39.646000000	-106.893000000	1967.7	
T	-26.243000000	28.151000000	1670.3	
T	25.653000000	-80.436000000	1.6	
T	41.516000000	-75.252000000	409.1	
T	46.220000000	-97.830000000	411.7	
T	32.839000000	-105.991000000	1268.7	
T	33.908000000	-78.447000000	9.3	
T	36.687000000	-77.483000000	36.2	
T	44.914000000	-97.152000000	527.8	
T	27.914000000	-97.212000000	5.5	
T	61.793000000	-148.492000000	318.7	
T	43.239000000	-123.356000000	156.2	
T	39.126000000	-123.201000000	185.8	
T	36.607000000	-94.739000000	250.3	
T	37.087000000	-121.599000000	86.5	
T	30.741000000	-98.238000000	387.0	
T	45.697000000	-118.850000000	448.0	
T	30.000000000	-85.000000000	7.6	
T	26.579000000	-81.853000000	4.8	
T	38.838000000	-92.002000000	267.0	
T	35.974000000	-115.135000000	741.2	
T	33.128000000	-117.282000000	97.6	
T	36.679000000	-90.719000000	158.8	
T	34.263000000	-103.353000000	1237.8	
T	32.826000000	-116.972000000	113.4	
T	35.095000000	-106.164000000	1995.5	
T	47.267000000	-95.920000000	376.0	
T	44.122000000	-123.216000000	111.1	
T	40.112000000	-122.136000000	69.3	
T	29.658000000	-81.690000000	9.9	
T	36.848000000	-99.458000000	538.5	
T	40.365000000	-82.495000000	308.5	
T	61.922000000	-150.838000000	39.0	
T	42.200000000	-86.250000000	199.1	
T	29.136000000	-83.048000000	1.6	
T	34.212000000	-118.491000000	238.9	
T	36.222000000	-90.835000000	83.8	
T	45.079000000	-122.927000000	56.6	
T	43.912000000	-114.796000000	2184.1	
T	43.404000000	-94.746000000	400.6	
T	36.219000000	-90.731000000	83.3	
T	33.453000000	-105.543000000	2073.3	
T	43.834000000	-111.805000000	1481.0	
T	41.150000000	-81.415000000	338.9	
T	39.668000000	-74.309000000	11.0	
T	40.185000000	-74.122000000	42.6	
T	41.210000000	-81.252000000	364.4	
T	45.665000000	-121.521000000	98.5	
T	27.946000000	-81.799000000	39.2	
T	39.011000000	-95.216000000	252.4	
T	41.739000000	-72.648000000	5.2	
T	25.648000000	-80.433000000	1.5	
T	38.276000000	-120.445000000	901.2	
T	41.779000000	-80.904000000	247.2	
T	41.207000000	-85.003000000	241.2	
T	36.177000000	-86.889000000	139.5	
T	39.168000000	-77.166000000	154.5	
T	39.810000000	-104.492000000	1644.8	
T	38.550000000	-94.406000000	244.8	
T	40.607000000	-112.351000000	1314.3	
T	61.411000000	-149.516000000	23.6	
T	46.114000000	-119.515000000	379.9	
T	41.891000000	-121.361000000	1232.9	
T	34.242000000	-118.867000000	182.1	
T	60.525000000	-150.995000000	59.4	
T	34.264000000	-116.854000000	2056.2	
T	42.795000000	-70.839000000	1.8	
T	34.267000000	-111.367000000	1596.2	
T	43.840000000	-111.804000000	1477.9	
T	33.183000000	-84.372000000	277.1	
T	42.812000000	-91.099000000	188.6	
T	33.924000000	-116.871000000	703.8	
T	45.535000000	-115.300000000	797.7	
T	38.918000000	-97.010000000	371.8	
T	37.512000000	-122.249000000	1.0	
T	45.145000000	-93.210000000	277.1	
T	34.318000000	-119.340000000	301.4	
T	41.926000000	-72.457000000	77.1	
T	41.339000000	-83.599000000	205.2	
T	34.427000000	-103.079000000	1280.7	
T	41.783000000	-111.849000000	1357.0	
T	32.826000000	-116.972000000	113.4	
T	44.094000000	-116.904000000	680.5	
T	50.460000000	4.453000000	186.0	
T	29.123000000	-96.247000000	26.4	
T	30.358000000	-97.994000000	273.4	
T	59.094000000	-135.377000000	1.7	
T	33.964000000	-81.359000000	152.2	
T	41.014000000	-121.438000000	1013.8	
T	42.737000000	-82.889000000	192.0	
T	64.647000000	-145.879000000	307.7	
T	34.089000000	-118.034000000	84.2	
T	39.286000000	-122.185000000	26.4	
T	45.833000000	-89.651000000	482.8	
T	42.468000000	-85.648000000	220.2	
T	33.761000000	-117.218000000	431.2	
T	45.279000000	-91.709000000	312.5	
T	44.473000000	-69.736000000	112.2	
T	39.040000000	-78.556000000	666.9	
T	38.606000000	-77.585000000	67.0	
T	39.959000000	-75.632000000	106.2	
T	38.721000000	-77.538000000	63.8	
T	45.695000000	-118.843000000	449.9	
T	42.743000000	-122.488000000	783.2	
T	44.541000000	-74.925000000	259.7	
T	39.192000000	-119.732000000	1432.5	
T	41.528000000	-75.946000000	195.0	
T	43.410000000	-73.532000000	75.8	
T	39.659000000	-74.300000000	12.3	
T	44.528000000	-122.930000000	105.5	
T	35.909000000	-102.080000000	1133.0	
T	36.709000000	-78.848000000	119.5	
T	40.829000000	-74.060000000	2.1	
T	42.472000000	-85.230000000	291.2	
T	36.622000000	-87.415000000	166.1	
T	44.368000000	-88.159000000	199.7	
T	62.319000000	-150.094000000	106.4	
T	26.377000000	-80.109000000	3.3	
T	37.012000000	-110.201000000	1576.1	
T	36.926000000	-87.609000000	180.7	
T	40.090000000	-105.917000000	2493.7	
T	60.130000000	-149.417000000	17.5	
T	32.082000000	-95.452000000	120.7	
T	41.334000000	-83.165000000	199.7	
T	38.029000000	-120.414000000	633.8	
T	33.642000000	-78.919000000	0.0	
T	47.774000000	-116.819000000	700.9	
T	38.540000000	-122.143000000	136.5	
T	36.146000000	-90.836000000	82.2	
T	36.084000000	-90.748000000	79.9	
T	36.986000000	-120.112000000	76.5	
T	43.723000000	-85.504000000	289.2	
T	38.182000000	-84.906000000	239.1	
T	36.450000000	-105.676000000	2152.8	
T	59.797000000	-154.129000000	16.1	
T	18.451000000	-66.676000000	6.4	
T	27.978000000	-82.759000000	20.8	
T	38.661000000	-97.380000000	410.7	
T	34.659000000	-112.414000000	1512.9	
T	33.181000000	-101.819000000	951.9	
T	21.153000000	-157.096000000	132.1	
T	41.210000000	-81.249000000	363.9	
T	47.889000000	-122.287000000	170.5	
T	33.876000000	-84.302000000	301.4	
T	38.846000000	-94.738000000	325.5	
T	40.066000000	-74.179000000	11.3	
T	34.002000000	-101.330000000	970.4	
T	32.684000000	-91.852000000	22.6	
T	36.091000000	-119.140000000	113.5	
T	61.416000000	-149.507000000	22.1	
T	37.225000000	-85.096000000	287.1	
T	42.536000000	-76.027000000	469.6	
T	35.767000000	-115.331000000	860.2	
T	34.700000000	-99.909000000	504.5	
T	35.196000000	-118.504000000	1110.3	
T	33.922000000	-116.851000000	660.9	
T	43.041000000	-88.237000000	275.1	
T	41.508000000	-72.827000000	29.0	
T	38.959000000	-92.681000000	217.8	
T	35.669000000	-120.549000000	312.9	
T	43.569000000	-116.777000000	819.2	
T	42.659000000	-76.796000000	312.8	
T	30.558000000	-90.030000000	27.8	
T	31.086000000	-97.686000000	255.2	
T	30.694000000	-92.403000000	21.3	
T	33.406000000	-112.409000000	276.2	
T	35.709000000	-118.422000000	803.4	
T	36.041000000	-95.985000000	189.1	
T	34.213000000	-118.491000000	239.8	
T	39.453000000	-118.866000000	1215.3	
T	38.546000000	-106.033000000	2174.3	
T	41.933000000	-72.566000000	38.7	
T	39.541000000	-120.471000000	2333.2	
T	38.715000000	-9.346000000	85.6	
T	39.562000000	-97.188000000	424.4	
T	29.366000000	-82.464000000	22.1	
T	30.775000000	-81.754000000	5.7	
T	38.744000000	-112.097000000	1610.3	
T	47.087000000	-122.431000000	116.5	
T	40.209000000	-79.831000000	366.7	
T	29.670000000	-95.068000000	7.3	
T	39.236000000	-85.693000000	232.7	
T	30.784000000	-98.660000000	330.5	
T	30.058000000	-95.551000000	43.6	
T	60.573000000	-151.247000000	28.5	
T	61.648000000	-149.973000000	74.2	
T	37.693000000	-121.820000000	116.8	
T	47.034000000	-109.463000000	1277.5	
T	38.657000000	-78.709000000	295.5	
T	37.958000000	-98.650000000	573.9	
T	33.406000000	-118.413000000	475.4	
T	42.666000000	-83.421000000	295.0	
T	31.881000000	-106.703000000	1253.0	
T	39.930000000	-84.013000000	273.1	
T	39.930000000	-84.013000000	273.1	
T	27.989000000	-82.019000000	40.0	
T	28.770000000	-81.219000000	6.1	
T	38.526000000	-77.860000000	91.6	
T	30.036000000	-94.414000000	13.7	
T	44.292000000	-123.182000000	91.8	
T	45.928000000	-89.731000000	495.2	
T	33.777000000	-84.525000000	245.4	
T	39.327000000	-85.522000000	276.5	
T	41.657000000	-91.698000000	238.7	
T	29.889000000	-97.867000000	177.0	
T	40.090000000	-105.917000000	2493.7	
T	37.702000000	-113.098000000	1706.5	
T	46.825000000	-95.886000000	417.1	
T	34.018000000	-118.038000000	89.3	
